0 1.225 0.95 0.975 1.0 1.025 1.05 1.075 1.1 1.125 1.15 1.175 1.2 1.25 1.275
4 89 63 66 68 70 73 75 78 80 82 85 87 92 94
4.5 142 105 108 112 115 119 122 125 129 132 136 139 146 149
5 204 154 158 163 167 172 177 181 186 191 195 200 209 213
5.5 279 211 217 224 230 236 242 248 254 260 266 272 285 291
6 368 280 288 296 304 312 320 328 336 344 352 360 376 383
6.5 470 356 366 377 387 398 408 418 429 439 449 459 480 490
7 594 453 465 478 491 504 517 530 542 555 568 581 606 619
7.5 736 563 579 595 611 626 642 658 673 689 705 720 751 767
8 896 688 707 726 745 764 783 802 821 840 858 877 915 933
8.5 1069 823 846 868 890 913 935 957 979 1002 1024 1046 1091 1113
9 1247 963 989 1015 1041 1067 1093 1118 1144 1170 1196 1222 1273 1299
9.5 1428 1104 1134 1163 1193 1223 1252 1281 1311 1340 1370 1399 1457 1485
10 1599 1241 1274 1307 1340 1374 1406 1439 1472 1505 1536 1568 1629 1660
10.5 1753 1375 1412 1448 1484 1521 1555 1590 1625 1660 1691 1722 1780 1806
11 1881 1506 1545 1585 1624 1664 1698 1733 1767 1802 1828 1855 1900 1919
11.5 1951 1633 1672 1711 1751 1790 1818 1847 1875 1903 1919 1935 1960 1969
12 1981 1752 1786 1820 1854 1889 1906 1924 1942 1959 1967 1974 1985 1989
12.5 1994 1852 1876 1900 1924 1949 1957 1966 1975 1984 1987 1990 1995 1997
13 1998 1923 1937 1951 1964 1978 1982 1986 1990 1994 1996 1997 1999 1999