-1.631818116834570901e+04
-4.733208925934549188e+04
3.177157151547320245e+04
5.098876493779794146e+03
-3.131201678132349844e+04
-2.326286448391427257e+03
3.791904918672356871e+04
-3.046729301039562051e+04
-2.264389164911837725e+03
3.131350466639833394e+04
-6.000385270331001266e+03
-5.126290000217597117e+04
-2.171585870361709567e+03
-2.896021476204895862e+03
-2.154276037199724669e+04
-1.816797284440765679e+03
-3.627200791480834596e+04
-3.947821515034210461e+04
2.150575798065432991e+03
-4.736830098441083101e+04
-1.573330086417854773e+03
1.745583365882090948e+04
-2.232172962583479966e+04
-4.697833119500027533e+04
-4.014544828082343884e+04
1.747009935482816218e+04
-3.384053487069995026e+04
1.395823232297696813e+04
-2.003932421355058977e+04
-7.913818282052651739e+03
9.632740261954771995e+03
2.211610446373611194e+04
-3.138372517627553316e+04
-1.524347885494554794e+04
-8.739999012660033259e+03
-5.126936954803233675e+03
-1.740713292598974294e+04
1.267587645503471322e+04
-2.211783151373646251e+04
2.795240035416075989e+04
-1.401874695469677317e+04
2.295120666603665813e+04
-1.191883707310316277e+04
-2.625319104643219180e+04
-1.556994303429285537e+03
2.290939353738385398e+04
1.573537823161292908e+04
6.086587323058735819e+03
-2.500709055183345117e+04
9.610534202190559881e+03
6.309831899645998419e+03
4.009066331001319668e+03
2.009632950538872683e+04
-4.658673520796697630e+03
-1.376710423215378250e+04
8.971742508113291478e+03
-1.083376584575119159e+04
-8.686531268679445930e+03
-4.270312988508125272e+03
-4.241690333932713111e+04
-7.894091961327397939e+02
-1.383590200992371501e+04
-1.548597273515410507e+03
-1.525433565129157978e+04
-2.774009236191491709e+03
7.330602765612415169e+03
-5.602778998091168614e+04
-1.677635443825813127e+04
-1.810873605626576682e+04
-2.691896501458264538e+04
1.928011831886591972e+04
-4.039928583486717253e+04
-7.324086883300534100e+04
-7.543492986947710961e+03
-1.542269984652319908e+04
1.731396746972970141e+04
-3.861793349668237170e+03
1.797424562017800054e+04
-6.958814407114135975e+03
-7.747201018594760171e+03
-7.310279705647064475e+03
-7.464950660276572307e+03
-8.750243013217048428e+03
-4.779200717416425505e+03
1.212136270762929234e+04
-2.020536850941609009e+04
-4.894598456047678337e+04
-2.781050777666338763e+04
-1.994462407928418088e+03
-7.998121378500754872e+03
2.754899923313023464e+04
2.032019547680132382e+04
-7.423424591895536651e+03
-4.227758494279391743e+04
5.574119405134965746e+02
1.651003235915446930e+04
-8.331485054249178211e+04
1.720492540492856642e+04
-3.707945081013134040e+04
2.805615755408793848e+04
5.109445291861295118e+04
-1.769221323209563707e+04
-1.601818078061955748e+04
3.466641789125634386e+04
1.624067992086551203e+04
1.578079578971358387e+04
1.879352738504909939e+04
1.794768655815267266e+04
3.030835675710531518e+02
-2.628897470291167338e+03
-2.983445859062582531e+04
3.068806116810778622e+04
-1.575759256473105779e+04
-2.108840539524895212e+04
4.727932608116974507e+02
-8.718722053916468440e+02
-7.786652882511313010e+02
-2.653377739212309825e+04
8.017997798786591375e+02
-1.538829411029701805e+04
6.069102883483481855e+04
-2.976864744209932542e+04
-7.732857599601174297e+04
-5.207825479239274864e+04
-7.228283504118712699e+02
9.025245707215066432e+03
-2.823515213118297106e+04
1.189946554216377626e+04
-3.003863852190773832e+04
-3.950672778082653531e+04
1.193308242786869596e+04
6.358401968258363013e+03
1.247046047710677385e+03
1.555115058643989687e+04
-4.025907356752406486e+04
4.043164573425849812e+04
2.104278119587785568e+03
-7.219572341721027624e+04
2.375181283684874415e+03
-3.148273335381301877e+03
2.368043760800497330e+04
1.207831566365538856e+04
3.071275917153125192e+04
-1.880789637394117381e+04
-1.556951409068038629e+03
-4.984913978532070178e+04
-1.907272905772261538e+03
8.343783806490540883e+03
5.550448120681957516e+04
-1.004613357289155465e+04
-1.729572875686781117e+04
3.277769407857314945e+04
3.639311526978907932e+04
-4.006443589352317213e+04
2.180648807360797946e+03
-2.586542762907667930e+04
