1.542905991448798098e+01
1.498279600635381392e+01
1.502403970436993319e+01
1.484530129541495569e+01
1.525567305258792850e+01
1.517253681693406087e+01
1.465330401966021512e+01
1.525237396827159841e+01
1.515033716148632159e+01
1.495974837472499352e+01
1.489594113922771967e+01
1.432374803288763410e+01
2.197617466674961939e+00
5.932044789032461019e+00
1.554715359176233846e+01
1.398173432551507389e+01
1.497584940994148539e+01
1.502483129628361525e+01
2.008779628402946604e-01
1.553400465588661383e+01
4.944047276378369382e+00
1.537605201101665386e+01
1.487539278548202581e+01
1.465186761319927378e+01
5.104105984963031695e+00
1.499996432667312263e+01
1.352014984957443211e+01
1.506820914980810144e+01
1.512408323919773423e+01
3.233274181852799245e+00
1.521259685630094260e+01
1.506677314238223531e+01
1.455365569607908860e+01
1.459015621943299656e+01
1.495502454205635878e+01
3.597261509052827044e+00
1.520088241153310271e+01
1.459527573265210343e+01
1.517873705939864060e+01
1.529684128055919601e+01
1.501933016666055742e+01
1.460035553046780343e+01
1.558222507835760240e+01
1.515895603092648614e+01
1.249690726492241888e+00
1.486288514216179557e+01
1.513502938907737416e+01
1.548749375057729516e+01
5.423316682382808729e+00
1.551078531377484815e+01
1.465443655900999609e+01
1.494558241589092340e+01
1.532762945421588796e+01
1.382042832949255562e+00
1.522330105654715915e+01
1.554543959311283530e+01
1.517643860862819771e+01
1.396462919124209101e+01
5.787415523324629163e+00
1.500160534948799373e+01
2.750345090610969656e+00
1.544752289125387001e+01
1.563133130890870914e+00
1.538850039934960812e+01
1.515790506251361869e+01
6.299462981900859404e+00
1.426298324619181734e+01
4.213167075987866994e+00
4.344884912970293556e+00
1.503697466799588689e+01
1.552311001713218452e+01
1.438114252221228639e+01
9.293806364232912287e+00
1.494669638013075108e+01
1.468540402927190414e+01
1.515993992154828618e+01
1.524028214592088482e+01
1.374291110754545642e+01
4.216705610140135896e+00
1.532371920819239008e+01
1.523676329572948163e+01
1.551413890849073596e+01
1.217617063361264940e+01
1.459628710531443474e+01
1.536510723912791754e+01
1.538998208830056136e+01
1.471576817283673577e+01
3.647340035267339520e+00
1.519858825960687376e+01
1.456999664408026973e+01
1.496104479206296567e+01
1.473313098419615130e+01
2.098677459707071424e+00
1.496337775455696217e+01
1.525265518916527441e+01
5.466517006417723756e+00
1.159781674276607433e+01
1.501939548861866314e+01
1.536121251579202607e+01
1.420809385022023363e+01
1.487107000565590020e+01
1.484272584672148731e+01
1.493914064804457098e+01
1.479697802565215348e+01
1.535154014013361312e+01
1.534057362538719005e+01
1.538617442656752310e+01
1.490869388021107511e+01
1.447932205441562203e+01
1.434710817833162899e+01
1.512986482182736303e+01
6.837015240137697347e+00
1.551318414446993543e+01
3.413981379210982325e+00
6.120384632078371467e+00
1.548390519936969589e+01
1.520823716410060911e+01
1.530034845187404180e+01
7.924410323071399143e-01
4.084443267767174035e+00
1.444508493158192941e+01
1.466485565309149131e+01
9.188401180217722342e+00
1.454280140028453872e+01
1.517545080032780547e+01
1.492953047833023206e+01
1.476992459272648084e+01
6.159536873110051047e+00
1.515950814998073248e+01
1.499108095399377660e+01
1.511546295551961627e+01
1.507542611867403970e+01
1.480465737703988260e+01
1.455366808911768395e+01
1.454205643154549854e+01
1.438957384014696572e+01
1.519836911584449624e+01
1.436553059541426691e+01
1.234060220228829508e+01
1.451745314874565906e+01
1.515105510550331402e+01
4.364195541028147218e+00
1.512391583343777590e+01
1.511424082794244583e+01
1.507309370938500592e+01
1.491134857887229792e+01
1.566308994671082822e+01
1.521952164552253883e+01
1.516222167175830471e+01
5.946905116506243871e+00
1.546835297300199663e+01
1.471114606640323430e+01
1.505463883701781924e+01
1.526434522305275365e+01
4.915352255607341014e+00
1.448128462780102232e+01
